0.8421052631578951, 0.19169960474308304, 0.5721925133689839, 0.25773195876288657, 0.6195652173913043, 0.6275862068965518, 0.5738396624472573, 0.28301886792452835, 0.5930599369085173, 0.3720136518771331, 0.45528455284552855, 0.9706959706959706, 0.5613409415121255; 1.0, 0.0, 0.0
0.5710526315789473, 0.20553359683794467, 0.41711229946524064, 0.030927835051546393, 0.32608695652173914, 0.5758620689655173, 0.5105485232067509, 0.2452830188679245, 0.2744479495268139, 0.26450511945392485, 0.4634146341463415, 0.7802197802197801, 0.5506419400855921; 1.0, 0.0, 0.0
0.6868421052631581, 0.46640316205533605, 0.6417112299465241, 0.2371134020618556, 0.5000000000000001, 0.5931034482758621, 0.5675105485232066, 0.07547169811320756, 0.3943217665615142, 0.325938566552901, 0.39024390243902435, 0.7655677655677655, 0.40442225392296727; 1.0, 0.0, 0.0
0.7105263157894739, 0.15019762845849807, 0.716577540106952, 0.6134020618556701, 0.3369565217391305, 0.6965517241379311, 0.6139240506329113, 0.3018867924528301, 0.6214511041009463, 0.37713310580204773, 0.5772357723577235, 0.5274725274725274, 0.7182596291012839; 1.0, 0.0, 0.0
0.5315789473684216, 0.20355731225296445, 0.39572192513368976, 0.3298969072164949, 0.4021739130434784, 0.6965517241379311, 0.561181434599156, 0.28301886792452835, 0.5110410094637223, 0.32081911262798635, 0.3252032520325204, 0.7619047619047619, 0.43295292439372324; 1.0, 0.0, 0.0
0.7078947368421056, 0.13636363636363638, 0.6096256684491977, 0.31443298969072164, 0.4130434782608695, 0.8344827586206898, 0.7025316455696201, 0.11320754716981132, 0.5141955835962145, 0.4709897610921502, 0.3333333333333333, 0.5860805860805862, 0.7182596291012839; 1.0, 0.0, 0.0
0.3526315789473684, 0.09288537549407117, 0.6417112299465241, 0.38659793814432997, 0.30434782608695665, 0.496551724137931, 0.48734177215189867, 0.4528301886792453, 0.526813880126183, 0.2832764505119454, 0.5772357723577235, 0.3772893772893772, 0.2853067047075606; 0.0, 1.0, 0.0
0.2131578947368422, 0.4249011857707511, 0.4652406417112299, 0.38144329896907214, 0.4565217391304349, 0.2551724137931035, 0.20675105485232065, 0.5660377358490566, 0.17034700315457413, 0.11689419795221842, 0.39024390243902435, 0.45787545787545786, 0.15834522111269614; 0.0, 1.0, 0.0
0.331578947368421, 0.4130434782608696, 0.4598930481283422, 0.38144329896907214, 0.19565217391304357, 0.5068965517241381, 0.40295358649789026, 0.22641509433962262, 0.49842271293375395, 0.07423208191126279, 0.5447154471544715, 0.7435897435897436, 0.008559201141226797; 0.0, 1.0, 0.0
0.331578947368421, 0.13241106719367587, 0.3315508021390373, 0.27835051546391754, 0.16304347826086962, 0.5413793103448276, 0.45569620253164556, 0.3018867924528301, 0.42902208201892744, 0.13822525597269622, 0.6097560975609757, 0.5384615384615385, 0.10699001426533525; 0.0, 1.0, 0.0
0.3526315789473684, 0.06521739130434784, 0.39572192513368976, 0.4072164948453608, 0.19565217391304357, 0.8758620689655172, 0.7194092827004218, 0.20754716981132074, 0.48580441640378547, 0.27474402730375425, 0.45528455284552855, 0.5494505494505495, 0.27246790299572043; 0.0, 1.0, 0.0
0.331578947368421, 0.48023715415019763, 0.4545454545454545, 0.38144329896907214, 0.19565217391304357, 0.6448275862068966, 0.5590717299578059, 0.6037735849056604, 0.7570977917981072, 0.08703071672354948, 0.7642276422764227, 0.5714285714285714, 0.09129814550641938; 0.0, 1.0, 0.0
0.4131578947368424, 0.11857707509881424, 0.28877005347593576, 0.4072164948453608, 0.19565217391304357, 0.16206896551724137, 0.2151898734177215, 0.3018867924528301, 0.2965299684542587, 0.09982935153583619, 0.45528455284552855, 0.5494505494505495, 0.20256776034236804; 0.0, 1.0, 0.0
0.38947368421052664, 0.1956521739130435, 0.3315508021390373, 0.5103092783505154, 0.16304347826086962, 0.42068965517241386, 0.33333333333333326, 0.3584905660377359, 0.33753943217665616, 0.14163822525597267, 0.45528455284552855, 0.8424908424908424, 0.2810271041369472; 0.0, 1.0, 0.0
0.3526315789473684, 0.17588932806324112, 0.5026737967914437, 0.7164948453608249, 0.19565217391304357, 0.4275862068965518, 0.4451476793248945, 0.5094339622641509, 0.4700315457413249, 0.07167235494880547, 0.3333333333333333, 0.5531135531135531, 0.0456490727532097; 0.0, 1.0, 0.0
0.26578947368421035, 0.7035573122529645, 0.5454545454545453, 0.5876288659793816, 0.10869565217391308, 0.38620689655172424, 0.29746835443037967, 0.5471698113207547, 0.2965299684542587, 0.11262798634812288, 0.25203252032520335, 0.4761904761904761, 0.21540656205420824; 0.0, 1.0, 0.0
0.4684210526315793, 0.31027667984189733, 0.5561497326203207, 0.6907216494845361, 0.30434782608695665, 0.05862068965517242, 0.15822784810126583, 0.26415094339622647, 0.13249211356466878, 0.37713310580204773, 0.14634146341463422, 0.032967032967033016, 0.20114122681883026; 0.0, 0.0, 1.0
0.560526315789474, 0.5592885375494071, 0.42245989304812814, 0.5360824742268042, 0.34782608695652184, 0.17931034482758623, 0.04430379746835443, 0.5660377358490566, 0.28075709779179814, 0.23208191126279862, 0.09756097560975613, 0.15018315018315015, 0.3937232524964337; 0.0, 0.0, 1.0
0.7500000000000004, 0.8498023715415021, 0.4652406417112299, 0.48453608247422686, 0.10869565217391308, 0.0, 0.0, 0.5094339622641509, 0.08517350157728709, 0.3088737201365188, 0.08130081300813008, 0.02197802197802201, 0.09771754636233951; 0.0, 0.0, 1.0
0.5631578947368423, 0.8794466403162058, 0.5133689839572192, 0.5876288659793816, 0.2500000000000001, 0.26206896551724146, 0.061181434599156106, 0.9056603773584904, 0.359621451104101, 0.5648464163822525, 0.09756097560975613, 0.07692307692307693, 0.318830242510699; 0.0, 0.0, 1.0
0.8710526315789475, 0.1857707509881423, 0.716577540106952, 0.7422680412371134, 0.30434782608695665, 0.6275862068965518, 0.2046413502109704, 0.7547169811320755, 0.7223974763406941, 0.9999999999999999, 0.07317073170731708, 0.2527472527472527, 0.27246790299572043; 0.0, 0.0, 1.0
0.5078947368421058, 0.5355731225296444, 0.5294117647058824, 0.4072164948453608, 0.39130434782608703, 0.1413793103448276, 0.07594936708860757, 0.5094339622641509, 0.16719242902208203, 0.341296928327645, 0.16260162601626021, 0.1758241758241758, 0.2831669044222539; 0.0, 0.0, 1.0
0.7105263157894739, 0.7154150197628459, 0.48128342245989286, 0.6134020618556701, 0.19565217391304357, 0.103448275862069, 0.027426160337552727, 0.7358490566037735, 0.2334384858044164, 0.45563139931740615, 0.2439024390243903, 0.1758241758241758, 0.17261055634807418; 0.0, 0.0, 1.0
0.6236842105263158, 0.7628458498023716, 0.8021390374331551, 0.7422680412371134, 0.4565217391304349, 0.3448275862068966, 0.13080168776371304, 0.26415094339622647, 0.22082018927444796, 0.6160409556313993, 0.15447154471544716, 0.23809523809523808, 0.2510699001426534; 0.0, 0.0, 1.0
0.7052631578947373, 0.9703557312252966, 0.5828877005347594, 0.5103092783505154, 0.2717391304347826, 0.24137931034482762, 0.05696202531645568, 0.7358490566037735, 0.20504731861198738, 0.5477815699658704, 0.13008130081300812, 0.17216117216117216, 0.3295292439372326; 0.0, 0.0, 1.0
