0.8421052631578951, 0.19169960474308304, 0.5721925133689839, 0.25773195876288657, 0.6195652173913043, 0.6275862068965518, 0.5738396624472573, 0.28301886792452835, 0.5930599369085173, 0.3720136518771331, 0.45528455284552855, 0.9706959706959706, 0.5613409415121255; 1.0, 0.0, 0.0
0.5710526315789473, 0.20553359683794467, 0.41711229946524064, 0.030927835051546393, 0.32608695652173914, 0.5758620689655173, 0.5105485232067509, 0.2452830188679245, 0.2744479495268139, 0.26450511945392485, 0.4634146341463415, 0.7802197802197801, 0.5506419400855921; 1.0, 0.0, 0.0
0.8342105263157893, 0.20158102766798422, 0.5828877005347594, 0.2371134020618556, 0.4565217391304349, 0.7896551724137932, 0.6434599156118143, 0.39622641509433965, 0.49211356466876965, 0.4667235494880546, 0.4634146341463415, 0.5787545787545789, 0.8359486447931527; 1.0, 0.0, 0.0
0.8842105263157896, 0.22332015810276687, 0.5828877005347594, 0.2061855670103092, 0.28260869565217395, 0.5241379310344828, 0.4599156118143459, 0.320754716981132, 0.49526813880126186, 0.3387372013651877, 0.43902439024390244, 0.8461538461538463, 0.7218259629101285; 1.0, 0.0, 0.0
1.0, 0.17786561264822134, 0.4331550802139036, 0.17525773195876293, 0.2934782608695653, 0.6275862068965518, 0.5569620253164557, 0.3018867924528301, 0.49526813880126186, 0.33447098976109213, 0.48780487804878053, 0.5787545787545789, 0.5470756062767476; 1.0, 0.0, 0.0
0.8131578947368419, 0.14624505928853757, 0.5133689839572192, 0.31958762886597947, 0.2717391304347826, 0.42068965517241386, 0.44092827004219404, 0.2452830188679245, 0.3659305993690852, 0.31740614334470985, 0.5609756097560976, 0.5677655677655677, 0.7146932952924394; 1.0, 0.0, 0.0
0.7157894736842105, 0.1956521739130435, 0.5614973262032085, 0.27835051546391754, 0.2065217391304348, 0.5586206896551725, 0.5105485232067509, 0.3018867924528301, 0.44164037854889593, 0.3686006825938566, 0.5447154471544715, 0.5970695970695972, 0.7432239657631955; 1.0, 0.0, 0.0
0.9789473684210526, 0.1956521739130435, 0.5508021390374332, 0.04123711340206182, 0.2282608695652174, 0.7310344827586208, 0.7067510548523206, 0.5660377358490566, 0.7570977917981072, 0.3515358361774744, 0.6260162601626016, 0.5347985347985347, 0.6219686162624822; 1.0, 0.0, 0.0
0.831578947368421, 0.16798418972332022, 0.5989304812834223, 0.3041237113402062, 0.4130434782608695, 0.8, 0.7573839662447257, 0.3584905660377359, 0.4574132492113565, 0.6331058020477814, 0.6097560975609757, 0.5677655677655677, 1.0; 1.0, 0.0, 0.0
0.6868421052631581, 0.46640316205533605, 0.6417112299465241, 0.2371134020618556, 0.5000000000000001, 0.5931034482758621, 0.5675105485232066, 0.07547169811320756, 0.3943217665615142, 0.325938566552901, 0.39024390243902435, 0.7655677655677655, 0.40442225392296727; 1.0, 0.0, 0.0
0.5, 0.6047430830039526, 0.6898395721925134, 0.41237113402061865, 0.34782608695652184, 0.49310344827586217, 0.43670886075949367, 0.22641509433962262, 0.49526813880126186, 0.27474402730375425, 0.4471544715447155, 0.8241758241758241, 0.35092724679029963; 1.0, 0.0, 0.0
0.47894736842105257, 0.16996047430830044, 0.6203208556149732, 0.3711340206185567, 0.2717391304347826, 0.5172413793103449, 0.42827004219409276, 0.2452830188679245, 0.3312302839116719, 0.22610921501706485, 0.4959349593495936, 0.8644688644688645, 0.5256776034236805; 1.0, 0.0, 0.0
0.6499999999999999, 0.2114624505928854, 0.6684491978609625, 0.48453608247422686, 0.28260869565217395, 0.5344827586206896, 0.4789029535864978, 0.28301886792452835, 0.3943217665615142, 0.1911262798634812, 0.5203252032520327, 0.9340659340659341, 0.40442225392296727; 1.0, 0.0, 0.0
0.5315789473684216, 0.258893280632411, 0.9946524064171124, 0.7422680412371134, 0.5869565217391305, 0.5689655172413793, 0.49367088607594933, 0.641509433962264, 0.4763406940063091, 0.1962457337883959, 0.5284552845528454, 0.7069597069597071, 0.3937232524964337; 1.0, 0.0, 0.0
0.6210526315789475, 0.20355731225296445, 0.6737967914438502, 0.28350515463917536, 0.2500000000000001, 0.6448275862068966, 0.5485232067510548, 0.39622641509433965, 0.32807570977917977, 0.30034129692832756, 0.35772357723577236, 0.7142857142857144, 0.6540656205420827; 1.0, 0.0, 0.0
0.7473684210526317, 0.22924901185770755, 0.7700534759358287, 0.45360824742268036, 0.4021739130434784, 0.6793103448275863, 0.5548523206751055, 0.4528301886792453, 0.42586750788643535, 0.27474402730375425, 0.6260162601626016, 0.7802197802197801, 0.4543509272467904; 1.0, 0.0, 0.0
0.7868421052631578, 0.1857707509881423, 0.4545454545454545, 0.27835051546391754, 0.28260869565217395, 0.5758620689655173, 0.4198312236286919, 0.2452830188679245, 0.49526813880126186, 0.29180887372013653, 0.45528455284552855, 0.8498168498168497, 0.5399429386590585; 1.0, 0.0, 0.0
0.7105263157894739, 0.15019762845849807, 0.716577540106952, 0.6134020618556701, 0.3369565217391305, 0.6965517241379311, 0.6139240506329113, 0.3018867924528301, 0.6214511041009463, 0.37713310580204773, 0.5772357723577235, 0.5274725274725274, 0.7182596291012839; 1.0, 0.0, 0.0
0.6973684210526314, 0.2154150197628459, 0.5347593582887699, 0.3402061855670103, 0.3695652173913043, 0.496551724137931, 0.4957805907172995, 0.5471698113207547, 0.49211356466876965, 0.21843003412969278, 0.6097560975609757, 0.5860805860805862, 0.5078459343794579; 1.0, 0.0, 0.0
0.5368421052631582, 0.15019762845849807, 0.39572192513368976, 0.25257731958762886, 0.30434782608695665, 0.4896551724137931, 0.4852320675105485, 0.28301886792452835, 0.30283911671924296, 0.20648464163822525, 0.5691056910569106, 0.5201465201465201, 0.529243937232525; 1.0, 0.0, 0.0
0.5315789473684216, 0.20355731225296445, 0.39572192513368976, 0.3298969072164949, 0.4021739130434784, 0.6965517241379311, 0.561181434599156, 0.28301886792452835, 0.5110410094637223, 0.32081911262798635, 0.3252032520325204, 0.7619047619047619, 0.43295292439372324; 1.0, 0.0, 0.0
0.8815789473684212, 0.5632411067193676, 0.4919786096256683, 0.27835051546391754, 0.34782608695652184, 0.7827586206896553, 0.5970464135021096, 0.26415094339622647, 0.5615141955835962, 0.3088737201365188, 0.45528455284552855, 0.7948717948717949, 0.5613409415121255; 1.0, 0.0, 0.0
0.7657894736842104, 0.1956521739130435, 0.4866310160427806, 0.35051546391752575, 0.4130434782608695, 0.6551724137931034, 0.6751054852320674, 0.3584905660377359, 0.526813880126183, 0.6501706484641638, 0.5203252032520327, 0.6703296703296704, 0.7004279600570614; 1.0, 0.0, 0.0
0.736842105263158, 0.17984189723320157, 0.663101604278075, 0.3402061855670103, 0.26086956521739124, 0.5068965517241381, 0.5590717299578059, 0.16981132075471697, 0.5930599369085173, 0.3686006825938566, 0.6178861788617886, 0.7692307692307694, 0.7039942938659058; 1.0, 0.0, 0.0
0.7342105263157896, 0.199604743083004, 0.5668449197860962, 0.17525773195876293, 0.44565217391304357, 1.0, 0.7172995780590716, 0.3584905660377359, 0.4605678233438486, 0.4923208191126279, 0.4308943089430895, 0.7289377289377288, 0.6504992867332383; 1.0, 0.0, 0.0
0.6657894736842107, 0.1956521739130435, 0.5882352941176471, 0.5103092783505154, 0.5000000000000001, 0.6827586206896552, 0.5147679324894514, 0.1320754716981132, 0.6435331230283912, 0.424061433447099, 0.40650406504065045, 0.6446886446886446, 0.6005706134094152; 1.0, 0.0, 0.0
0.8394736842105264, 0.1897233201581028, 0.5026737967914437, 0.2938144329896908, 0.5217391304347826, 0.7655172413793105, 0.561181434599156, 0.2452830188679245, 0.5110410094637223, 0.4351535836177475, 0.37398373983739835, 0.7472527472527473, 0.4935805991440799; 1.0, 0.0, 0.0
0.7078947368421056, 0.13636363636363638, 0.6096256684491977, 0.31443298969072164, 0.4130434782608695, 0.8344827586206898, 0.7025316455696201, 0.11320754716981132, 0.5141955835962145, 0.4709897610921502, 0.3333333333333333, 0.5860805860805862, 0.7182596291012839; 1.0, 0.0, 0.0
0.4236842105263161, 0.12252964426877475, 0.3529411764705882, 0.31958762886597947, 0.32608695652173914, 0.35862068965517246, 0.22573839662447254, 0.7547169811320755, 0.06624605678233439, 0.3813993174061433, 0.40650406504065045, 0.1172161172161173, 0.12268188302425106; 0.0, 1.0, 0.0
0.6947368421052631, 0.1007905138339921, 0.2994652406417112, 0.38144329896907214, 0.26086956521739124, 0.38620689655172424, 0.3059071729957805, 0.3584905660377359, 0.10094637223974764, 0.21501706484641633, 0.6097560975609757, 0.43589743589743585, 0.2510699001426534; 0.0, 1.0, 0.0
0.3526315789473684, 0.09288537549407117, 0.6417112299465241, 0.38659793814432997, 0.30434782608695665, 0.496551724137931, 0.48734177215189867, 0.4528301886792453, 0.526813880126183, 0.2832764505119454, 0.5772357723577235, 0.3772893772893772, 0.2853067047075606; 0.0, 1.0, 0.0
0.5473684210526315, 0.0533596837944664, 0.18181818181818166, 0.22680412371134018, 0.08695652173913049, 0.6896551724137931, 0.5991561181434598, 0.2452830188679245, 0.5899053627760251, 0.3430034129692833, 0.5203252032520327, 0.6996336996336998, 0.15977175463623397; 0.0, 1.0, 0.0
0.6078947368421055, 0.03952569169960474, 0.5347593582887699, 0.3298969072164949, 0.4347826086956522, 0.5344827586206896, 0.20253164556962022, 0.7924528301886793, 0.0031545741324921217, 0.16126279863481227, 0.43902439024390244, 0.24175824175824173, 0.33666191155492153; 0.0, 1.0, 0.0
0.310526315789474, 0.08893280632411069, 0.20855614973262027, 0.31958762886597947, 0.8804347826086957, 0.30000000000000004, 0.1983122362869198, 0.01886792452830191, 0.6593059936908517, 0.13395904436860068, 0.6504065040650406, 0.6593406593406592, 0.31383737517831667; 0.0, 1.0, 0.0
0.7447368421052629, 0.1521739130434783, 0.7005347593582886, 0.7422680412371134, 0.17391304347826086, 0.6793103448275863, 0.5316455696202531, 0.1509433962264151, 0.4605678233438486, 0.17918088737201363, 0.7154471544715448, 0.6923076923076923, 0.09415121255349498; 0.0, 1.0, 0.0
0.5157894736842108, 0.18379446640316208, 0.663101604278075, 1.0, 0.7500000000000001, 0.8, 0.5379746835443038, 0.1509433962264151, 0.48895899053627756, 0.1766211604095563, 0.6747967479674797, 0.8168498168498168, 0.5042796005706135; 0.0, 1.0, 0.0
0.1657894736842107, 0.22529644268774704, 0.2994652406417112, 0.27835051546391754, 0.2934782608695653, 0.21724137931034493, 0.2594936708860759, 0.39622641509433965, 0.2334384858044164, 0.21501706484641633, 0.6097560975609757, 0.3186813186813187, 0.10699001426533525; 0.0, 1.0, 0.0
0.5263157894736841, 0.031620553359683806, 0.18716577540106938, 0.27835051546391754, 0.17391304347826086, 0.33448275862068966, 0.3565400843881856, 0.20754716981132074, 0.3312302839116719, 0.2832764505119454, 0.5772357723577235, 0.44322344322344315, 0.08131241084165478; 0.0, 1.0, 0.0
0.2131578947368422, 0.4249011857707511, 0.4652406417112299, 0.38144329896907214, 0.4565217391304349, 0.2551724137931035, 0.20675105485232065, 0.5660377358490566, 0.17034700315457413, 0.11689419795221842, 0.39024390243902435, 0.45787545787545786, 0.15834522111269614; 0.0, 1.0, 0.0
0.34210526315789513, 0.04940711462450595, 0.31550802139037415, 0.21649484536082475, 0.717391304347826, 0.3172413793103448, 0.3185654008438818, 0.4150943396226414, 0.7413249211356466, 0.18088737201365188, 0.47154471544715454, 0.380952380952381, 0.33666191155492153; 0.0, 1.0, 0.0
0.43947368421052646, 0.6185770750988143, 0.5561497326203207, 0.6391752577319587, 0.3369565217391305, 0.6379310344827587, 0.4662447257383965, 0.5660377358490566, 0.48580441640378547, 0.1100682593856655, 0.5772357723577235, 0.6813186813186813, 0.1319543509272468; 0.0, 1.0, 0.0
0.5315789473684216, 0.616600790513834, 0.5133689839572192, 0.6134020618556701, 0.16304347826086962, 0.2310344827586207, 0.2637130801687763, 0.9056603773584904, 0.3817034700315458, 0.30034129692832756, 0.2926829268292683, 0.27106227106227093, 0.16904422253922965; 0.0, 1.0, 0.0
0.2131578947368422, 0.029644268774703553, 0.6524064171122995, 0.38144329896907214, 0.26086956521739124, 0.42068965517241386, 0.3945147679324894, 0.16981132075471697, 0.61198738170347, 0.15102389078498293, 0.25203252032520335, 0.6630036630036631, 0.17261055634807418; 0.0, 1.0, 0.0
0.43157894736842106, 0.047430830039525695, 0.47058823529411764, 0.38144329896907214, 0.3152173913043478, 0.42068965517241386, 0.3375527426160337, 0.320754716981132, 0.3312302839116719, 0.1143344709897611, 0.6097560975609757, 0.6923076923076923, 0.12268188302425106; 0.0, 1.0, 0.0
0.1631578947368424, 0.18379446640316208, 0.6737967914438502, 0.7938144329896908, 0.19565217391304357, 0.32413793103448274, 0.26793248945147674, 0.5094339622641509, 0.29337539432176657, 0.11262798634812288, 0.7154471544715448, 0.7106227106227105, 0.20256776034236804; 0.0, 1.0, 0.0
0.16052631578947407, 0.26086956521739135, 0.5882352941176471, 0.5670103092783507, 0.15217391304347827, 0.33448275862068966, 0.28481012658227844, 0.660377358490566, 0.2965299684542587, 0.1296928327645051, 0.42276422764227645, 0.5421245421245422, 0.2867332382310984; 0.0, 1.0, 0.0
0.331578947368421, 0.4130434782608696, 0.4598930481283422, 0.38144329896907214, 0.19565217391304357, 0.5068965517241381, 0.40295358649789026, 0.22641509433962262, 0.49842271293375395, 0.07423208191126279, 0.5447154471544715, 0.7435897435897436, 0.008559201141226797; 0.0, 1.0, 0.0
0.20526315789473726, 0.2727272727272728, 0.7379679144385026, 0.5618556701030928, 0.6956521739130436, 0.21379310344827596, 0.1371308016877637, 0.01886792452830191, 0.3627760252365931, 0.10409556313993173, 0.3821138211382114, 0.3626373626373625, 0.24750356633380885; 0.0, 1.0, 0.0
0.331578947368421, 0.13241106719367587, 0.3315508021390373, 0.27835051546391754, 0.16304347826086962, 0.5413793103448276, 0.45569620253164556, 0.3018867924528301, 0.42902208201892744, 0.13822525597269622, 0.6097560975609757, 0.5384615384615385, 0.10699001426533525; 0.0, 1.0, 0.0
0.3526315789473684, 0.06521739130434784, 0.39572192513368976, 0.4072164948453608, 0.19565217391304357, 0.8758620689655172, 0.7194092827004218, 0.20754716981132074, 0.48580441640378547, 0.27474402730375425, 0.45528455284552855, 0.5494505494505495, 0.27246790299572043; 0.0, 1.0, 0.0
0.331578947368421, 0.48023715415019763, 0.4545454545454545, 0.38144329896907214, 0.19565217391304357, 0.6448275862068966, 0.5590717299578059, 0.6037735849056604, 0.7570977917981072, 0.08703071672354948, 0.7642276422764227, 0.5714285714285714, 0.09129814550641938; 0.0, 1.0, 0.0
0.2763157894736845, 0.2648221343873518, 0.18181818181818166, 0.3556701030927836, 0.2934782608695653, 0.4310344827586208, 0.38607594936708856, 0.2452830188679245, 0.3123028391167192, 0.17235494880546073, 0.6422764227642277, 0.6190476190476191, 0.30813124108416545; 0.0, 1.0, 0.0
0.4131578947368424, 0.11857707509881424, 0.28877005347593576, 0.4072164948453608, 0.19565217391304357, 0.16206896551724137, 0.2151898734177215, 0.3018867924528301, 0.2965299684542587, 0.09982935153583619, 0.45528455284552855, 0.5494505494505495, 0.20256776034236804; 0.0, 1.0, 0.0
0.34473684210526345, 0.3379446640316206, 0.5882352941176471, 0.5360824742268042, 0.30434782608695665, 0.5448275862068966, 0.3734177215189873, 0.39622641509433965, 0.28391167192429023, 0.1296928327645051, 0.2601626016260163, 0.7728937728937728, 0.11412268188302424; 0.0, 1.0, 0.0
0.20789473684210558, 0.19367588932806326, 0.2780748663101603, 0.45876288659793807, 0.17391304347826086, 0.5241379310344828, 0.27426160337552735, 0.4528301886792453, 0.31861198738170343, 0.06655290102389078, 0.37398373983739835, 0.42857142857142855, 0.09771754636233951; 0.0, 1.0, 0.0
0.38947368421052664, 0.1956521739130435, 0.3315508021390373, 0.5103092783505154, 0.16304347826086962, 0.42068965517241386, 0.33333333333333326, 0.3584905660377359, 0.33753943217665616, 0.14163822525597267, 0.45528455284552855, 0.8424908424908424, 0.2810271041369472; 0.0, 1.0, 0.0
0.44473684210526354, 0.199604743083004, 0.4919786096256683, 0.6134020618556701, 0.15217391304347827, 0.13793103448275862, 0.2995780590717299, 0.660377358490566, 0.3848580441640378, 0.17235494880546073, 0.3252032520325204, 0.42124542124542125, 0.14978601997146931; 0.0, 1.0, 0.0
0.11315789473684257, 0.5928853754940713, 0.2459893048128342, 0.45876288659793807, 0.4021739130434784, 0.7586206896551726, 0.47257383966244715, 0.20754716981132074, 0.9999999999999999, 0.13822525597269622, 0.21951219512195125, 0.5641025641025641, 0.20256776034236804; 0.0, 1.0, 0.0
0.39210526315789496, 0.33399209486166015, 0.4331550802139036, 0.5360824742268042, 0.19565217391304357, 0.5413793103448276, 0.40717299578059063, 0.2452830188679245, 0.2555205047318612, 0.06143344709897611, 0.34146341463414637, 0.5531135531135531, 0.033523537803138354; 0.0, 1.0, 0.0
0.10000000000000053, 0.0, 0.6096256684491977, 0.5360824742268042, 0.19565217391304357, 0.5172413793103449, 0.35232067510548515, 0.5471698113207547, 0.3249211356466877, 0.15358361774744025, 0.5040650406504066, 0.380952380952381, 0.11126961483594863; 0.0, 1.0, 0.0
0.2763157894736845, 0.12845849802371542, 0.6096256684491977, 0.6134020618556701, 0.15217391304347827, 0.5448275862068966, 0.41139240506329106, 0.5660377358490566, 0.1987381703470032, 0.13822525597269622, 0.3658536585365854, 0.7032967032967032, 0.07631954350927247; 0.0, 1.0, 0.0
0.20789473684210558, 0.14426877470355734, 0.33689839572192504, 0.5257731958762888, 0.17391304347826086, 0.3448275862068966, 0.26582278481012656, 0.320754716981132, 0.35331230283911674, 0.057167235494880536, 0.3821138211382114, 0.7545787545787546, 0.15477888730385161; 0.0, 1.0, 0.0
0.3657894736842109, 0.17193675889328067, 0.44385026737967903, 0.6134020618556701, 0.4130434782608695, 0.3517241379310345, 0.36919831223628685, 0.39622641509433965, 0.3785488958990536, 0.06655290102389078, 0.47154471544715454, 0.6190476190476191, 0.047788873038516394; 0.0, 1.0, 0.0
0.45789473684210513, 0.5316205533596838, 0.3315508021390373, 0.27835051546391754, 0.10869565217391308, 0.22413793103448276, 0.19198312236286919, 0.5660377358490566, 0.13249211356466878, 0.18088737201365188, 0.1788617886178862, 0.3113553113553114, 0.06704707560627673; 0.0, 1.0, 0.0
0.2552631578947371, 0.5316205533596838, 0.34224598930481276, 0.4329896907216495, 0.18478260869565222, 0.3517241379310345, 0.27426160337552735, 0.4528301886792453, 0.4605678233438486, 0.0, 0.3658536585365854, 0.6520146520146519, 0.20399429386590587; 0.0, 1.0, 0.0
0.5315789473684216, 1.0, 0.4117647058823529, 0.5618556701030928, 0.17391304347826086, 0.5655172413793105, 0.48734177215189867, 0.320754716981132, 0.5047318611987381, 0.11262798634812288, 0.20325203252032525, 0.6703296703296704, 0.07275320970042795; 0.0, 1.0, 0.0
0.2736842105263162, 0.2806324110671937, 0.4331550802139036, 0.5360824742268042, 0.16304347826086962, 0.5586206896551725, 0.48734177215189867, 0.4528301886792453, 0.2965299684542587, 0.12627986348122863, 0.3089430894308944, 0.7362637362637363, 0.07132667617689017; 0.0, 1.0, 0.0
0.3684210526315792, 0.15612648221343875, 0.49732620320855603, 0.5618556701030928, 0.17391304347826086, 0.606896551724138, 0.5928270042194091, 0.49056603773584906, 0.42902208201892744, 0.22696245733788392, 0.17073170731707316, 0.575091575091575, 0.052781740370898694; 0.0, 1.0, 0.0
0.3526315789473684, 0.17588932806324112, 0.5026737967914437, 0.7164948453608249, 0.19565217391304357, 0.4275862068965518, 0.4451476793248945, 0.5094339622641509, 0.4700315457413249, 0.07167235494880547, 0.3333333333333333, 0.5531135531135531, 0.0456490727532097; 0.0, 1.0, 0.0
0.26578947368421035, 0.7035573122529645, 0.5454545454545453, 0.5876288659793816, 0.10869565217391308, 0.38620689655172424, 0.29746835443037967, 0.5471698113207547, 0.2965299684542587, 0.11262798634812288, 0.25203252032520335, 0.4761904761904761, 0.21540656205420824; 0.0, 1.0, 0.0
0.4815789473684209, 0.12055335968379452, 0.5133689839572192, 0.38144329896907214, 0.5652173913043478, 0.1827586206896552, 0.19198312236286919, 0.1509433962264151, 0.16719242902208203, 0.2406143344709897, 0.2276422764227643, 0.0073260073260073555, 0.2510699001426534; 0.0, 0.0, 1.0
0.4868421052631584, 0.44466403162055346, 0.5561497326203207, 0.48453608247422686, 0.3695652173913043, 0.11034482758620695, 0.18565400843881852, 0.20754716981132074, 0.13249211356466878, 0.3515358361774744, 0.2113821138211382, 0.054945054945054916, 0.17974322396576317; 0.0, 0.0, 1.0
0.4684210526315793, 0.31027667984189733, 0.5561497326203207, 0.6907216494845361, 0.30434782608695665, 0.05862068965517242, 0.15822784810126583, 0.26415094339622647, 0.13249211356466878, 0.37713310580204773, 0.14634146341463422, 0.032967032967033016, 0.20114122681883026; 0.0, 0.0, 1.0
0.43947368421052646, 0.5553359683794467, 0.5347593582887699, 0.5618556701030928, 0.39130434782608703, 0.24827586206896557, 0.1814345991561181, 0.07547169811320756, 0.13564668769716087, 0.31740614334470985, 0.2439024390243903, 0.0073260073260073555, 0.22967189728958629; 0.0, 0.0, 1.0
0.38947368421052664, 0.09881422924901187, 0.47593582887700536, 0.3556701030927836, 0.16304347826086962, 0.3517241379310345, 0.05063291139240504, 0.8867924528301885, 0.26498422712933756, 0.35580204778157, 0.21951219512195125, 0.08791208791208788, 0.2653352353780314; 0.0, 0.0, 1.0
0.4131578947368424, 0.3399209486166008, 0.449197860962567, 0.4072164948453608, 0.26086956521739124, 0.2206896551724139, 0.06751054852320675, 0.9433962264150944, 0.16719242902208203, 0.4965870307167235, 0.20325203252032525, 0.11355311355311354, 0.297432239657632; 0.0, 0.0, 1.0
0.47631578947368425, 0.43873517786561267, 0.6684491978609625, 0.6907216494845361, 0.3369565217391305, 0.4620689655172414, 0.05485232067510547, 0.7547169811320755, 0.1261829652996846, 0.31058020477815695, 0.3333333333333333, 0.32234432234432225, 0.2225392296718973; 0.0, 0.0, 1.0
0.5, 0.40909090909090917, 0.716577540106952, 0.5360824742268042, 0.28260869565217395, 0.19310344827586212, 0.033755274261603366, 0.7547169811320755, 0.10725552050473186, 0.2832764505119454, 0.23577235772357724, 0.380952380952381, 0.22967189728958629; 0.0, 0.0, 1.0
0.6131578947368421, 0.3596837944664032, 0.5294117647058824, 0.48453608247422686, 0.2065217391304348, 0.14482758620689656, 0.033755274261603366, 0.4528301886792453, 0.07255520504731863, 0.3686006825938566, 0.1788617886178862, 0.4395604395604396, 0.35805991440798857; 0.0, 0.0, 1.0
0.655263157894737, 0.48023715415019763, 0.7272727272727274, 0.6649484536082475, 0.2934782608695653, 0.1965517241379311, 0.03797468354430379, 0.6981132075471698, 0.04416403785488962, 0.26194539249146753, 0.3333333333333333, 0.2893772893772894, 0.17261055634807418; 0.0, 0.0, 1.0
0.3210526315789477, 0.6205533596837945, 0.449197860962567, 0.4072164948453608, 0.4565217391304349, 0.13793103448275862, 0.09282700421940927, 0.3018867924528301, 0.23028391167192425, 0.5912969283276451, 0.13821138211382117, 0.2673992673992674, 0.4115549215406562; 0.0, 0.0, 1.0
0.560526315789474, 0.5592885375494071, 0.42245989304812814, 0.5360824742268042, 0.34782608695652184, 0.17931034482758623, 0.04430379746835443, 0.5660377358490566, 0.28075709779179814, 0.23208191126279862, 0.09756097560975613, 0.15018315018315015, 0.3937232524964337; 0.0, 0.0, 1.0
0.7500000000000004, 0.8498023715415021, 0.4652406417112299, 0.48453608247422686, 0.10869565217391308, 0.0, 0.0, 0.5094339622641509, 0.08517350157728709, 0.3088737201365188, 0.08130081300813008, 0.02197802197802201, 0.09771754636233951; 0.0, 0.0, 1.0
0.6499999999999999, 0.4703557312252965, 0.6737967914438502, 0.6907216494845361, 0.5760869565217391, 0.14482758620689656, 0.2594936708860759, 0.16981132075471697, 0.26498422712933756, 0.6245733788395904, 0.08943089430894308, 0.010989010989011005, 0.15834522111269614; 0.0, 0.0, 1.0
0.5473684210526315, 0.22924901185770755, 0.7433155080213903, 0.7680412371134022, 0.5000000000000001, 0.42068965517241386, 0.1983122362869198, 0.2452830188679245, 0.3627760252365931, 0.4965870307167235, 0.10569105691056913, 0.02197802197802201, 0.1048502139800285; 0.0, 0.0, 1.0
0.4078947368421053, 0.10869565217391305, 0.39572192513368976, 0.48453608247422686, 0.35869565217391297, 0.1724137931034483, 0.05063291139240504, 0.7547169811320755, 0.3123028391167192, 0.5392491467576791, 0.08130081300813008, 0.10256410256410259, 0.25820256776034234; 0.0, 0.0, 1.0
0.5631578947368423, 0.8794466403162058, 0.5133689839572192, 0.5876288659793816, 0.2500000000000001, 0.26206896551724146, 0.061181434599156106, 0.9056603773584904, 0.359621451104101, 0.5648464163822525, 0.09756097560975613, 0.07692307692307693, 0.318830242510699; 0.0, 0.0, 1.0
0.37368421052631584, 0.45256916996047425, 0.6844919786096256, 0.8453608247422681, 0.2934782608695653, 0.3172413793103448, 0.05063291139240504, 0.9433962264150944, 0.23028391167192425, 0.5307167235494881, 0.15447154471544716, 0.1684981684981685, 0.4293865905848788; 0.0, 0.0, 1.0
0.8710526315789475, 0.1857707509881423, 0.716577540106952, 0.7422680412371134, 0.30434782608695665, 0.6275862068965518, 0.2046413502109704, 0.7547169811320755, 0.7223974763406941, 0.9999999999999999, 0.07317073170731708, 0.2527472527472527, 0.27246790299572043; 0.0, 0.0, 1.0
0.6447368421052633, 0.18379446640316208, 0.6844919786096256, 0.6134020618556701, 0.2065217391304348, 0.5586206896551725, 0.16033755274261602, 0.7358490566037735, 0.5930599369085173, 0.893344709897611, 0.07317073170731708, 0.18681318681318687, 0.24393723252496433; 0.0, 0.0, 1.0
0.7000000000000002, 0.4980237154150198, 0.6310160427807486, 0.48453608247422686, 0.4021739130434784, 0.2931034482758621, 0.046413502109704644, 0.6981132075471698, 0.12302839116719244, 0.39249146757679176, 0.39024390243902435, 0.20146520146520147, 0.2867332382310984; 0.0, 0.0, 1.0
0.47894736842105257, 0.5, 0.6524064171122995, 0.5876288659793816, 0.39130434782608703, 0.2310344827586207, 0.05485232067510547, 0.8867924528301885, 0.17350157728706622, 0.36689419795221845, 0.3170731707317073, 0.30769230769230765, 0.20827389443651925; 0.0, 0.0, 1.0
0.5078947368421058, 0.5355731225296444, 0.5294117647058824, 0.4072164948453608, 0.39130434782608703, 0.1413793103448276, 0.07594936708860757, 0.5094339622641509, 0.16719242902208203, 0.341296928327645, 0.16260162601626021, 0.1758241758241758, 0.2831669044222539; 0.0, 0.0, 1.0
0.7105263157894739, 0.7154150197628459, 0.48128342245989286, 0.6134020618556701, 0.19565217391304357, 0.103448275862069, 0.027426160337552727, 0.7358490566037735, 0.2334384858044164, 0.45563139931740615, 0.2439024390243903, 0.1758241758241758, 0.17261055634807418; 0.0, 0.0, 1.0
0.6236842105263158, 0.7628458498023716, 0.8021390374331551, 0.7422680412371134, 0.4565217391304349, 0.3448275862068966, 0.13080168776371304, 0.26415094339622647, 0.22082018927444796, 0.6160409556313993, 0.15447154471544716, 0.23809523809523808, 0.2510699001426534; 0.0, 0.0, 1.0
0.3078947368421052, 0.45256916996047425, 0.5133689839572192, 0.4329896907216495, 0.28260869565217395, 0.09310344827586209, 0.03164556962025315, 0.5094339622641509, 0.10094637223974764, 0.36006825938566556, 0.14634146341463422, 0.20512820512820512, 0.1654778887303852; 0.0, 0.0, 1.0
0.7052631578947373, 0.9703557312252966, 0.5828877005347594, 0.5103092783505154, 0.2717391304347826, 0.24137931034482762, 0.05696202531645568, 0.7358490566037735, 0.20504731861198738, 0.5477815699658704, 0.13008130081300812, 0.17216117216117216, 0.3295292439372326; 0.0, 0.0, 1.0
0.6236842105263158, 0.6264822134387352, 0.5989304812834223, 0.6391752577319587, 0.34782608695652184, 0.2827586206896552, 0.08649789029535863, 0.5660377358490566, 0.31545741324921134, 0.5136518771331058, 0.1788617886178862, 0.10622710622710624, 0.33666191155492153; 0.0, 0.0, 1.0
0.5631578947368423, 0.36561264822134387, 0.5401069518716578, 0.48453608247422686, 0.5434782608695653, 0.2310344827586207, 0.07172995780590717, 0.7547169811320755, 0.3312302839116719, 0.6843003412969284, 0.09756097560975613, 0.12820512820512825, 0.40085592011412274; 0.0, 0.0, 1.0
0.8157894736842106, 0.6640316205533596, 0.7379679144385026, 0.7164948453608249, 0.28260869565217395, 0.36896551724137927, 0.08860759493670885, 0.8113207547169812, 0.2965299684542587, 0.6757679180887372, 0.10569105691056913, 0.12087912087912095, 0.20114122681883026; 0.0, 0.0, 1.0
